Source,Title,Link,Date,Summary,Text,Like,id
Dcard,12/8 Traveggo找蔬食演講讓票！,https://www.dcard.tw/service/api/v2/posts/237584026,2021-12-02T11:56:46.353Z,,,5,237584026
Dcard,找蔬食Traveggo找蔬食演講通知🔔,https://www.dcard.tw/service/api/v2/posts/237528900,2021-11-25T01:18:59.739Z,,,6,237528900
Dcard,找蔬食Traveggo要來輔大織品系館演講啦！,https://www.dcard.tw/service/api/v2/posts/237461538,2021-11-16T03:21:35.554Z,,,27,237461538
Dcard,今天又來要分享喜歡的頻道了～～,https://www.dcard.tw/service/api/v2/posts/236612291,2021-07-31T02:28:12.29Z,,,109,236612291
Dcard,推推喜歡看的YouTube,https://www.dcard.tw/service/api/v2/posts/236213423,2021-06-09T12:50:46.349Z,,,51,236213423
Dcard,【體育兩點】找蔬食？Traveggo！,https://www.dcard.tw/service/api/v2/posts/235036325,2020-12-23T09:51:00.238Z,,,10,235036325
Dcard,#轉傳 如來燕麥奶,https://www.dcard.tw/service/api/v2/posts/233978268,2020-07-01T15:14:08.229Z,,,31,233978268
Dcard,♡最近喜歡的Youtuber們！,https://www.dcard.tw/service/api/v2/posts/233139650,2020-02-25T17:06:37.769Z,,,215,233139650
Dcard,#情報 #分享 無肉市集第二屆,https://www.dcard.tw/service/api/v2/posts/232610335,2019-12-02T05:24:16.981Z,,,38,232610335
Dcard,#食譜 清冰箱料理！3步驟純素大阪燒,https://www.dcard.tw/service/api/v2/posts/231238976,2019-05-07T06:43:56.181Z,,,134,231238976
Dcard,原來超商也有好吃的蔬食產品！？,https://www.dcard.tw/service/api/v2/posts/231189262,2019-04-29T11:47:34.695Z,,,1063,231189262
Dcard,12/8 Traveggo找蔬食演講讓票！,https://www.dcard.tw/service/api/v2/posts/237584026,2021-12-02T11:56:46.353Z,,,5,237584026
Dcard,找蔬食Traveggo找蔬食演講通知🔔,https://www.dcard.tw/service/api/v2/posts/237528900,2021-11-25T01:18:59.739Z,,,6,237528900
Dcard,討論台北的素食餐廳,https://www.dcard.tw/service/api/v2/posts/237499317,2021-11-21T03:37:51.164Z,,,15,237499317
Dcard,找蔬食Traveggo要來輔大織品系館演講啦！,https://www.dcard.tw/service/api/v2/posts/237461538,2021-11-16T03:21:35.554Z,,,27,237461538
Dcard,新品！愛之味黑巧燕麥,https://www.dcard.tw/service/api/v2/posts/237301561,2021-10-25T06:08:29.011Z,,,48,237301561
Dcard,#活動分享 21天維根體驗營,https://www.dcard.tw/service/api/v2/posts/236881207,2021-09-04T03:46:31.68Z,,,14,236881207
Dcard,嗨嗨 好多天沒分享影片了～～進來看看呀(´･ω･`),https://www.dcard.tw/service/api/v2/posts/236684565,2021-08-09T16:06:52.842Z,,,110,236684565
Dcard,今天又來要分享喜歡的頻道了～～,https://www.dcard.tw/service/api/v2/posts/236612291,2021-07-31T02:28:12.29Z,,,109,236612291
Dcard,燕麥奶、堅果奶、植物奶，哪個好喝？,https://www.dcard.tw/service/api/v2/posts/236577308,2021-07-26T09:05:13.838Z,,,8,236577308
Dcard,最喜歡的環保、極簡youtuber！,https://www.dcard.tw/service/api/v2/posts/236498340,2021-07-16T05:10:45.831Z,,,67,236498340
Dcard,NANAQ影響我的那些事,https://www.dcard.tw/service/api/v2/posts/236481624,2021-07-14T00:55:26.129Z,,,190,236481624
Dcard,#推薦 logitech羅技鍵盤K780 580 380比較,https://www.dcard.tw/service/api/v2/posts/236382212,2021-07-01T04:21:00.517Z,,,24,236382212
Dcard,被良杯和大象杯傷透的心💔,https://www.dcard.tw/service/api/v2/posts/236349427,2021-06-26T18:04:14.503Z,,,65,236349427
Dcard,臺大附近平價素食,https://www.dcard.tw/service/api/v2/posts/236335156,2021-06-25T00:15:01.94Z,,,25,236335156
Dcard,推推喜歡看的YouTube,https://www.dcard.tw/service/api/v2/posts/236213423,2021-06-09T12:50:46.349Z,,,51,236213423
Dcard,超商素食-新膳食OMNIEAT 新豬肉剝皮辣椒餡餅🤤,https://www.dcard.tw/service/api/v2/posts/235950194,2021-05-09T17:09:26.487Z,,,39,235950194
Dcard,大家開始嘗試吃素會遇到什麼阻礙？,https://www.dcard.tw/service/api/v2/posts/235794650,2021-04-18T10:59:34.87Z,,,4,235794650
Dcard,變成蔬食者的狀態跟感受,https://www.dcard.tw/service/api/v2/posts/235637078,2021-03-27T07:03:26.005Z,,,28,235637078
Dcard,227無肉巨星at慈大,https://www.dcard.tw/service/api/v2/posts/235357940,2021-02-15T16:38:50.207Z,,,15,235357940
Dcard,蔬食打工換宿,https://www.dcard.tw/service/api/v2/posts/235260256,2021-01-29T18:37:12.911Z,,,9,235260256
Dcard,蔬食打工換宿 （潛水旅店）,https://www.dcard.tw/service/api/v2/posts/235219189,2021-01-22T19:33:58.741Z,,,14,235219189
Dcard,最大獎Switch Lite！百花池「菜鳥食驗計畫」超多獎品送給你：）,https://www.dcard.tw/service/api/v2/posts/235065539,2020-12-28T05:26:45.281Z,,,8,235065539
Dcard,【體育兩點】找蔬食？Traveggo！,https://www.dcard.tw/service/api/v2/posts/235036325,2020-12-23T09:51:00.238Z,,,10,235036325
Dcard,第一次體驗熊貓的愛地球外送！,https://www.dcard.tw/service/api/v2/posts/235015302,2020-12-20T03:29:03.041Z,,,255,235015302
Dcard,我的環保餐具🍴心得分享☺️,https://www.dcard.tw/service/api/v2/posts/234867871,2020-11-25T16:32:34.085Z,,,173,234867871
Dcard,#分享 4個超溫門良心YouTuber（下）,https://www.dcard.tw/service/api/v2/posts/234375241,2020-09-08T05:35:21.578Z,,,18,234375241
Dcard,認識吃素朋友的最快方法,https://www.dcard.tw/service/api/v2/posts/234287952,2020-08-24T16:28:45.256Z,,,70,234287952
Dcard,🍘我推薦的環保、極簡、少肉類型YouTuber,https://www.dcard.tw/service/api/v2/posts/234287649,2020-08-24T15:48:02.887Z,,,182,234287649
Dcard,27年的胎裡素,https://www.dcard.tw/service/api/v2/posts/234156033,2020-08-02T03:42:28.632Z,,,44,234156033
Dcard,#轉傳 如來燕麥奶,https://www.dcard.tw/service/api/v2/posts/233978268,2020-07-01T15:14:08.229Z,,,31,233978268
Dcard,終於買到大名頂頂的如來燕麥奶,https://www.dcard.tw/service/api/v2/posts/233809656,2020-06-04T12:54:10.967Z,,,67,233809656
Dcard,#開箱 JW PEI Stella 錢包,https://www.dcard.tw/service/api/v2/posts/233482957,2020-04-15T15:41:36.272Z,,,99,233482957
Dcard,♡最近喜歡的Youtuber們！,https://www.dcard.tw/service/api/v2/posts/233139650,2020-02-25T17:06:37.769Z,,,215,233139650
Dcard,分享晚餐,https://www.dcard.tw/service/api/v2/posts/232720436,2019-12-19T14:19:56.559Z,,,41,232720436
Dcard,#情報 #分享 無肉市集第二屆,https://www.dcard.tw/service/api/v2/posts/232610335,2019-12-02T05:24:16.981Z,,,38,232610335
Dcard,DIY燕麥奶,https://www.dcard.tw/service/api/v2/posts/232600929,2019-11-30T13:23:14.919Z,,,35,232600929
Dcard,歡迎補充~不講究的吃素@台大(校內）,https://www.dcard.tw/service/api/v2/posts/231297024,2019-05-15T18:31:19.368Z,,,45,231297024
Dcard,#食譜 清冰箱料理！3步驟純素大阪燒,https://www.dcard.tw/service/api/v2/posts/231238976,2019-05-07T06:43:56.181Z,,,134,231238976
Dcard,原來超商也有好吃的蔬食產品！？,https://www.dcard.tw/service/api/v2/posts/231189262,2019-04-29T11:47:34.695Z,,,1063,231189262
Dcard,崇德青年社的伙食團,https://www.dcard.tw/service/api/v2/posts/231142432,2019-04-22T10:29:52.766Z,,,42,231142432
Dcard,圖）尋找蔬食好朋友,https://www.dcard.tw/service/api/v2/posts/110184552,2016-04-12T10:08:18.265Z,,,103,110184552
Dcard,12/8 Traveggo找蔬食演講讓票！,https://www.dcard.tw/service/api/v2/posts/237584026,2021-12-02T11:56:46.353Z,,,5,237584026
Dcard,找蔬食Traveggo找蔬食演講通知🔔,https://www.dcard.tw/service/api/v2/posts/237528900,2021-11-25T01:18:59.739Z,,,6,237528900
Dcard,找蔬食Traveggo要來輔大織品系館演講啦！,https://www.dcard.tw/service/api/v2/posts/237461538,2021-11-16T03:21:35.554Z,,,27,237461538
Dcard,今天又來要分享喜歡的頻道了～～,https://www.dcard.tw/service/api/v2/posts/236612291,2021-07-31T02:28:12.29Z,,,109,236612291
Dcard,推推喜歡看的YouTube,https://www.dcard.tw/service/api/v2/posts/236213423,2021-06-09T12:50:46.349Z,,,51,236213423
Dcard,【體育兩點】找蔬食？Traveggo！,https://www.dcard.tw/service/api/v2/posts/235036325,2020-12-23T09:51:00.238Z,,,10,235036325
Dcard,Ig上的素食料理創作者,https://www.dcard.tw/service/api/v2/posts/234150579,2020-08-01T01:47:31.174Z,,,83,234150579
Dcard,竹東激推vegan 質感小店 (這真的不是肉？！),https://www.dcard.tw/service/api/v2/posts/234100170,2020-07-23T04:00:58.763Z,,,47,234100170
Dcard,#轉傳 如來燕麥奶,https://www.dcard.tw/service/api/v2/posts/233978268,2020-07-01T15:14:08.229Z,,,31,233978268
Dcard,♡最近喜歡的Youtuber們！,https://www.dcard.tw/service/api/v2/posts/233139650,2020-02-25T17:06:37.769Z,,,215,233139650
Dcard,#情報 #分享 無肉市集第二屆,https://www.dcard.tw/service/api/v2/posts/232610335,2019-12-02T05:24:16.981Z,,,38,232610335
Dcard,#食譜 清冰箱料理！3步驟純素大阪燒,https://www.dcard.tw/service/api/v2/posts/231238976,2019-05-07T06:43:56.181Z,,,134,231238976
Dcard,原來超商也有好吃的蔬食產品！？,https://www.dcard.tw/service/api/v2/posts/231189262,2019-04-29T11:47:34.695Z,,,1063,231189262
