Source,Title,Link,Date,Summary,Text,Like,id
Dcard,大義一樓關門女生,https://www.dcard.tw/service/api/v2/posts/237714628,2021-12-20T11:43:53.343Z,,,10,237714628
Dcard,跟Toyz打LOL,https://www.dcard.tw/service/api/v2/posts/237663829,2021-12-13T15:48:51.641Z,,,391,237663829
Dcard,想念爺爺的阿柴🥲,https://www.dcard.tw/service/api/v2/posts/237592806,2021-12-03T15:47:42.12Z,,,3462,237592806
Dcard,統神又神預言toyz了= =,https://www.dcard.tw/service/api/v2/posts/237572044,2021-11-30T20:12:56.539Z,,,367,237572044
Dcard,Toyz 出來啦😎,https://www.dcard.tw/service/api/v2/posts/237568781,2021-11-30T11:55:43.324Z,,,3,237568781
Dcard,監獄公道伯Toyz交保出來啦！,https://www.dcard.tw/service/api/v2/posts/237568354,2021-11-30T10:53:23.212Z,,,3,237568354
Dcard,請問這是雷室友嗎？以及如何解決,https://www.dcard.tw/service/api/v2/posts/237549786,2021-11-27T18:14:54.177Z,,,13,237549786
Dcard,喜歡/不喜歡的Youtuber(文長),https://www.dcard.tw/service/api/v2/posts/237534761,2021-11-25T15:42:37.709Z,,,54,237534761
Dcard,公道伯TOYZ明天出監會說什麼呢？,https://www.dcard.tw/service/api/v2/posts/237517073,2021-11-23T11:02:01.008Z,,,24,237517073
Dcard,請各位不要每週都Ban一樣的好嗎,https://www.dcard.tw/service/api/v2/posts/237497686,2021-11-20T17:27:38.854Z,,,52,237497686
Dcard,2021流行過什麼事情,https://www.dcard.tw/service/api/v2/posts/237486927,2021-11-19T07:25:47.278Z,,,8672,237486927
Dcard,走鐘獎 toyz受邀一級玩家獎,https://www.dcard.tw/service/api/v2/posts/237462576,2021-11-16T05:52:38.192Z,,,3,237462576
Dcard,踢歐歪力,https://www.dcard.tw/service/api/v2/posts/237453648,2021-11-15T03:14:34.772Z,,,121,237453648
Dcard,倒讚幫被迫解散 統神又贏了！,https://www.dcard.tw/service/api/v2/posts/237427486,2021-11-11T08:51:37.753Z,,,398,237427486
Dcard,統神不敗的原因,https://www.dcard.tw/service/api/v2/posts/237402970,2021-11-08T06:01:29.737Z,,,181,237402970
Dcard,統們,https://www.dcard.tw/service/api/v2/posts/237382471,2021-11-05T07:25:16.245Z,,,0,237382471
Dcard,統神最近很活躍欸,https://www.dcard.tw/service/api/v2/posts/237381255,2021-11-05T04:20:25.204Z,,,269,237381255
Dcard,【商業理財書分享】《變富：創造財富的100種關鍵突破法》,https://www.dcard.tw/service/api/v2/posts/237377051,2021-11-04T12:54:38.043Z,,,8,237377051
Dcard,#閒聊 自信是好事嗎？（蕭粉文長慎入）,https://www.dcard.tw/service/api/v2/posts/237353783,2021-11-01T10:38:32.859Z,,,54,237353783
Dcard,台灣沒什麼美食可言,https://www.dcard.tw/service/api/v2/posts/237333337,2021-10-29T10:09:30.844Z,,,3,237333337
Dcard,Cosplay 大作戰才剛開打，我就快笑到不行惹,https://www.dcard.tw/service/api/v2/posts/237325263,2021-10-28T08:12:39.094Z,,,259,237325263
Dcard,#轉 利用系統漏洞盜刷《天堂M》3000萬......,https://www.dcard.tw/service/api/v2/posts/237316593,2021-10-27T06:09:16.538Z,,,16,237316593
Dcard,作弊抓不勝抓的原因,https://www.dcard.tw/service/api/v2/posts/237313825,2021-10-26T17:10:58.168Z,,,44,237313825
Dcard,久違的男角！東卍,https://www.dcard.tw/service/api/v2/posts/237310760,2021-10-26T10:35:26.838Z,,,11,237310760
Dcard,演藝圈瞬息萬變,https://www.dcard.tw/service/api/v2/posts/237306503,2021-10-25T17:44:55.147Z,,,0,237306503
Dcard,#閒聊 #男人友情的遊戲 #三國志戰略版,https://www.dcard.tw/service/api/v2/posts/237306109,2021-10-25T16:41:21.082Z,,,1,237306109
Dcard,老蕭與統神對錯分析,https://www.dcard.tw/service/api/v2/posts/237305794,2021-10-25T16:03:26.907Z,,,2,237305794
Dcard,蠻有趣的,https://www.dcard.tw/service/api/v2/posts/237302537,2021-10-25T08:39:59.092Z,,,1,237302537
Dcard,#討論 聽說跟統神正面對槓的人都下去了,https://www.dcard.tw/service/api/v2/posts/237301860,2021-10-25T06:50:08.062Z,,,39,237301860
Dcard,#討論 老蕭今天很嗆喔,https://www.dcard.tw/service/api/v2/posts/237287866,2021-10-23T06:48:58.373Z,,,134,237287866
Dcard,其實小玉是政府的人！？,https://www.dcard.tw/service/api/v2/posts/237272306,2021-10-21T04:20:55.131Z,,,2,237272306
Dcard,小玉與TOYZ玩魷魚遊戲會怎樣？,https://www.dcard.tw/service/api/v2/posts/237270877,2021-10-20T22:34:31.568Z,,,3,237270877
Dcard,Youtube界的絕命終結站,https://www.dcard.tw/service/api/v2/posts/237269926,2021-10-20T16:38:12.619Z,,,12,237269926
Dcard,這三個Youtuber現在是不是可以組團參加下一季大嘻哈阿？,https://www.dcard.tw/service/api/v2/posts/237269912,2021-10-20T16:36:33.026Z,,,3,237269912
Dcard,TOYZ跟小玉玩魷魚遊戲,https://www.dcard.tw/service/api/v2/posts/237268183,2021-10-20T12:38:14.681Z,,,2,237268183
Dcard,小玉事件個人看法,https://www.dcard.tw/service/api/v2/posts/237253962,2021-10-18T14:26:26.271Z,,,48,237253962
Dcard,今年快變成網紅出征年了吧,https://www.dcard.tw/service/api/v2/posts/237252481,2021-10-18T11:06:30.667Z,,,28,237252481
Dcard,#更了很多 最近很常出事的星座🥲🤣,https://www.dcard.tw/service/api/v2/posts/237252399,2021-10-18T10:51:38.367Z,,,74,237252399
Dcard,Toyz蹲 Toyz蹲 Toyz蹲完 小玉蹲,https://www.dcard.tw/service/api/v2/posts/237252220,2021-10-18T10:28:14.288Z,,,37,237252220
Dcard,TOYZ新家開箱【老瑜】,https://www.dcard.tw/service/api/v2/posts/237252143,2021-10-18T10:17:32.488Z,,,3,237252143
Dcard,複習一下2021事件,https://www.dcard.tw/service/api/v2/posts/237251281,2021-10-18T07:54:49.266Z,,,464,237251281
Dcard,TOYZ逃獄了 目前人在國外接受訪問,https://www.dcard.tw/service/api/v2/posts/237250684,2021-10-18T06:22:26.627Z,,,72,237250684
Dcard,YT界專出人才欸,https://www.dcard.tw/service/api/v2/posts/237249903,2021-10-18T04:28:26.023Z,,,26,237249903
Dcard,意外發現臉書絕對搜不出來的關鍵字🚫,https://www.dcard.tw/service/api/v2/posts/237244532,2021-10-17T10:16:37.241Z,,,4,237244532
Dcard,aker一族的榮耀,https://www.dcard.tw/service/api/v2/posts/237235426,2021-10-16T03:33:03.21Z,,,180,237235426
Dcard,#徵隊友 [公會]Toyz劫獄營救同盟 招人中,https://www.dcard.tw/service/api/v2/posts/237228679,2021-10-15T04:53:14.55Z,,,1,237228679
Dcard,美秀集團,https://www.dcard.tw/service/api/v2/posts/237222515,2021-10-14T08:46:56.403Z,,,0,237222515
Dcard,網路買賣電子菸會違法嗎？潛藏的毒品大麻觸法危機,https://www.dcard.tw/service/api/v2/posts/237219857,2021-10-14T01:39:55.091Z,,,4,237219857
Dcard,TOYZ事件 反毒影片徵團隊,https://www.dcard.tw/service/api/v2/posts/237211486,2021-10-12T18:44:32.827Z,,,0,237211486
Dcard,toyz接班人,https://www.dcard.tw/service/api/v2/posts/237209276,2021-10-12T13:35:09.047Z,,,6,237209276
Dcard,🤤,https://www.dcard.tw/service/api/v2/posts/237206677,2021-10-12T07:22:41.809Z,,,7,237206677
Dcard,X調查講述TOYZ的越獄故事,https://www.dcard.tw/service/api/v2/posts/237199983,2021-10-11T09:40:10.723Z,,,1,237199983
Dcard,當 Toyz 惹上大麻煩,https://www.dcard.tw/service/api/v2/posts/237198773,2021-10-11T06:18:25.697Z,,,5,237198773
Dcard,Toyz剪光頭還用洗髮精,https://www.dcard.tw/service/api/v2/posts/237194047,2021-10-10T12:23:45.138Z,,,370,237194047
Dcard,炎上的炎上(更),https://www.dcard.tw/service/api/v2/posts/237193670,2021-10-10T11:22:34.154Z,,,786,237193670
Dcard,Toyz頻道,https://www.dcard.tw/service/api/v2/posts/237193175,2021-10-10T09:54:36.295Z,,,201,237193175
Dcard,＃分享 火影忍者與遊戲王 統神國動大戰Toyz,https://www.dcard.tw/service/api/v2/posts/237192821,2021-10-10T08:51:28.183Z,,,3,237192821
Dcard,#新聞 簡茂安你還是賠償BYG吧！,https://www.dcard.tw/service/api/v2/posts/237189079,2021-10-09T16:10:09.71Z,,,26,237189079
Dcard,我現在比較期待馬謖怎麼回家,https://www.dcard.tw/service/api/v2/posts/237173791,2021-10-07T14:52:21.917Z,,,31,237173791
Dcard,我只能說龍龍這波操作救了很多人,https://www.dcard.tw/service/api/v2/posts/237173029,2021-10-07T13:35:42.075Z,,,54,237173029
Dcard,清大學生會會長請辭?,https://www.dcard.tw/service/api/v2/posts/237171295,2021-10-07T09:49:57.041Z,,,1,237171295
Dcard,博恩適可而止，善良是一種選擇,https://www.dcard.tw/service/api/v2/posts/237169051,2021-10-07T04:41:03.064Z,,,358,237169051
Dcard,老實說看toyz這樣有點難過,https://www.dcard.tw/service/api/v2/posts/237165738,2021-10-06T15:41:01.858Z,,,164,237165738
Dcard,覺得勾惡很不尊重統神,https://www.dcard.tw/service/api/v2/posts/237162717,2021-10-06T09:10:41.382Z,,,16,237162717
Dcard,再宿舍抽菸啊！,https://www.dcard.tw/service/api/v2/posts/237159590,2021-10-06T01:19:04.57Z,,,5,237159590
Dcard,勾起你心中的惡談toyz大麻事件,https://www.dcard.tw/service/api/v2/posts/237157982,2021-10-05T16:10:52.109Z,,,183,237157982
Dcard,臉書大當機是因為『嗜血現世報？』,https://www.dcard.tw/service/api/v2/posts/237157122,2021-10-05T14:34:21.897Z,,,5,237157122
Dcard,請問我可以領1450嗎？,https://www.dcard.tw/service/api/v2/posts/237151359,2021-10-05T02:29:40.772Z,,,1,237151359
Dcard,Toyz與藥腳對話曝光！　驚爆「黑吃黑」始末,https://www.dcard.tw/service/api/v2/posts/237150753,2021-10-05T00:33:38.463Z,,,1055,237150753
Dcard,希望大家能幫TOYZ加油。,https://www.dcard.tw/service/api/v2/posts/237148225,2021-10-04T15:08:21.058Z,,,53,237148225
Dcard,欸幹！toyz欸！,https://www.dcard.tw/service/api/v2/posts/237145334,2021-10-04T09:04:28.039Z,,,2412,237145334
Dcard,很難懂老k跟龍龍的風向嗎,https://www.dcard.tw/service/api/v2/posts/237144578,2021-10-04T07:24:48.4Z,,,24,237144578
Dcard,現在可以買賣課囉！,https://www.dcard.tw/service/api/v2/posts/237142725,2021-10-04T03:09:53.853Z,,,34,237142725
Dcard,賴鴻麟起的頭！誰來收尾呢？,https://www.dcard.tw/service/api/v2/posts/237140503,2021-10-03T16:09:02.709Z,,,31,237140503
Dcard,賀瓏才是孔明,https://www.dcard.tw/service/api/v2/posts/237139588,2021-10-03T14:26:23.036Z,,,21,237139588
Dcard,大麻洗白的風氣真的好恐怖😨😨,https://www.dcard.tw/service/api/v2/posts/237138127,2021-10-03T11:10:41.432Z,,,24,237138127
Dcard,老K該道歉了吧,https://www.dcard.tw/service/api/v2/posts/237136903,2021-10-03T08:00:02.778Z,,,4,237136903
Dcard,YT 大亂鬥,https://www.dcard.tw/service/api/v2/posts/237136310,2021-10-03T06:27:43.854Z,,,4,237136310
Dcard,炎上,https://www.dcard.tw/service/api/v2/posts/237135686,2021-10-03T04:57:12.861Z,,,7,237135686
Dcard,TOYZ：不要急著下評論,https://www.dcard.tw/service/api/v2/posts/237135320,2021-10-03T03:53:18.04Z,,,6,237135320
Dcard,Toyz的MV看了眼淚不自覺留下,https://www.dcard.tw/service/api/v2/posts/237134553,2021-10-03T00:31:23.654Z,,,5,237134553
Dcard,Toyz 梗影with門徒,https://www.dcard.tw/service/api/v2/posts/237134152,2021-10-02T19:34:32.012Z,,,1,237134152
Dcard,小丑去哪了,https://www.dcard.tw/service/api/v2/posts/237133369,2021-10-02T17:03:57.932Z,,,18,237133369
Dcard,TOYZ整個被救到,https://www.dcard.tw/service/api/v2/posts/237131524,2021-10-02T13:07:24.222Z,,,1026,237131524
Dcard,toyz打臉自己 開版權砲檢舉其他人,https://www.dcard.tw/service/api/v2/posts/237131294,2021-10-02T12:32:14.594Z,,,108,237131294
Dcard,Toyz販毒,https://www.dcard.tw/service/api/v2/posts/237129622,2021-10-02T08:17:04.343Z,,,29,237129622
Dcard,反骨在Toyz道歉影片下的留言,https://www.dcard.tw/service/api/v2/posts/237128844,2021-10-02T06:16:35.609Z,,,762,237128844
Dcard,Toyz一年前的個人服飾品牌暗藏玄機 內文一字排開全是大麻品種,https://www.dcard.tw/service/api/v2/posts/237128501,2021-10-02T05:25:23.255Z,,,41,237128501
Dcard,大家誤會Toyz了= =,https://www.dcard.tw/service/api/v2/posts/237128251,2021-10-02T04:41:19.232Z,,,195,237128251
Dcard,Toyz被小藥頭抖出！　幫忙販毒者身分曝光是「現役軍人」,https://www.dcard.tw/service/api/v2/posts/237127238,2021-10-02T00:52:27.838Z,,,6,237127238
Dcard,YT版是不是一堆椅粉,https://www.dcard.tw/service/api/v2/posts/237127040,2021-10-01T22:20:50.729Z,,,6,237127040
Dcard,Toyz 真的很有錢嗎？,https://www.dcard.tw/service/api/v2/posts/237126841,2021-10-01T19:28:33.619Z,,,480,237126841
Dcard,如何追不同圈子的女生？,https://www.dcard.tw/service/api/v2/posts/237126462,2021-10-01T17:46:34.776Z,,,3,237126462
Dcard,最近YT界怎麼了,https://www.dcard.tw/service/api/v2/posts/237126338,2021-10-01T17:25:23.782Z,,,140,237126338
Dcard,Toyz事件重要聲明真偽？,https://www.dcard.tw/service/api/v2/posts/237125767,2021-10-01T16:07:44.06Z,,,14,237125767
Dcard,#推薦 偶然找到的課程,https://www.dcard.tw/service/api/v2/posts/237125505,2021-10-01T15:35:34.898Z,,,3,237125505
Dcard,Toyz要到監獄去做公道伯了嗎,https://www.dcard.tw/service/api/v2/posts/237124942,2021-10-01T14:23:56.44Z,,,7,237124942
Dcard,有人要跟Toyz一起打lol嗎,https://www.dcard.tw/service/api/v2/posts/237124910,2021-10-01T14:20:12.394Z,,,1,237124910
Dcard,椅子toyz 最新聲明,https://www.dcard.tw/service/api/v2/posts/237123994,2021-10-01T12:25:55.296Z,,,60,237123994
Dcard,Toyz毒品案的聲明,https://www.dcard.tw/service/api/v2/posts/237123892,2021-10-01T12:11:46.164Z,,,2,237123892
Dcard,TOYZ頻道發表聲明,https://www.dcard.tw/service/api/v2/posts/237123527,2021-10-01T11:17:08.045Z,,,12,237123527
Dcard,Toyz 頻道發聲明了！！！有影片！,https://www.dcard.tw/service/api/v2/posts/237123526,2021-10-01T11:17:07.636Z,,,480,237123526
Dcard,第二屆哈啾梗圖大賽《不合時宜的有病舉動》賽評直播,https://www.dcard.tw/service/api/v2/posts/237123423,2021-10-01T11:01:58.958Z,,,71,237123423
Dcard,Toyz 近三年的網路聲量,https://www.dcard.tw/service/api/v2/posts/237122252,2021-10-01T08:11:34.362Z,,,117,237122252
Dcard,大麻的合法化合理性?,https://www.dcard.tw/service/api/v2/posts/237120055,2021-10-01T03:25:36.071Z,,,4,237120055
Dcard,別看toyz了，來看看永遠的神🙏💕,https://www.dcard.tw/service/api/v2/posts/237119435,2021-10-01T01:40:44.394Z,,,184,237119435
Dcard,Toyz 可能有關的人士？,https://www.dcard.tw/service/api/v2/posts/237118974,2021-09-30T23:03:21.293Z,,,218,237118974
Dcard,所以跟前lol冠軍toyz一起販毒的楊姓共犯是,https://www.dcard.tw/service/api/v2/posts/237118937,2021-09-30T22:18:04.614Z,,,82,237118937
Dcard,Toyz真的福大命大,https://www.dcard.tw/service/api/v2/posts/237118651,2021-09-30T19:04:06.343Z,,,61,237118651
Dcard,TOYZ事件，有關烏鴉的回應,https://www.dcard.tw/service/api/v2/posts/237118588,2021-09-30T18:42:10.039Z,,,106,237118588
Dcard,Toyz跟鴻麟教會我們什麼,https://www.dcard.tw/service/api/v2/posts/237117559,2021-09-30T15:58:39.281Z,,,53,237117559
Dcard,請益 ：如果toyz上法院,https://www.dcard.tw/service/api/v2/posts/237117464,2021-09-30T15:48:37.701Z,,,6,237117464
Dcard,顏值多重要? 看看TOYZ就知道,https://www.dcard.tw/service/api/v2/posts/237116875,2021-09-30T14:39:02.549Z,,,0,237116875
Dcard,Toyz涉賣二級毒品　院檢認知不同！無期徒刑恐變只關2年,https://www.dcard.tw/service/api/v2/posts/237116639,2021-09-30T14:11:23.606Z,,,29,237116639
Dcard,獨家｜LOL前世界冠軍Toyz驚傳販毒遭聲押　私宅囤大麻煙彈！規模有如中盤商,https://www.dcard.tw/service/api/v2/posts/237116476,2021-09-30T13:51:58.993Z,,,3,237116476
Dcard,#發問 toyz的貓,https://www.dcard.tw/service/api/v2/posts/237116135,2021-09-30T13:11:23.93Z,,,6,237116135
Dcard,兄弟以後就是自己人了,https://www.dcard.tw/service/api/v2/posts/237114164,2021-09-30T09:00:49.774Z,,,90,237114164
Dcard,Toyz女友都不寫全名,https://www.dcard.tw/service/api/v2/posts/237113133,2021-09-30T07:02:07.126Z,,,217,237113133
Dcard,Toyz事件我看最後是這樣,https://www.dcard.tw/service/api/v2/posts/237112916,2021-09-30T06:36:04.722Z,,,274,237112916
Dcard,LOL七宗罪,https://www.dcard.tw/service/api/v2/posts/237112562,2021-09-30T05:55:40.51Z,,,273,237112562
Dcard,現在吸毒仔可以這麼囂張就是了？,https://www.dcard.tw/service/api/v2/posts/237111986,2021-09-30T04:43:45.559Z,,,88,237111986
Dcard,TOYZ『疑似』販毒,https://www.dcard.tw/service/api/v2/posts/237111715,2021-09-30T04:04:45.661Z,,,3,237111715
Dcard,什麼？Toyz販毒？,https://www.dcard.tw/service/api/v2/posts/237111432,2021-09-30T03:24:57.77Z,,,74,237111432
Dcard,與toyz友好名單整理,https://www.dcard.tw/service/api/v2/posts/237111177,2021-09-30T02:52:12.433Z,,,1350,237111177
Dcard,《Toyz販毒事件》網友提告,https://www.dcard.tw/service/api/v2/posts/237111119,2021-09-30T02:41:29.03Z,,,32,237111119
Dcard,重新探討toyz改名事件,https://www.dcard.tw/service/api/v2/posts/237110975,2021-09-30T02:21:44.552Z,,,12,237110975
Dcard,#討論 外國人被驅逐出境可能性,https://www.dcard.tw/service/api/v2/posts/237110851,2021-09-30T02:02:50.347Z,,,3,237110851
Dcard,TOYZ販毒被抓了!!!,https://www.dcard.tw/service/api/v2/posts/237110679,2021-09-30T01:27:00.314Z,,,4,237110679
Dcard,"toyz,會在台灣關還是引渡去香港阿",https://www.dcard.tw/service/api/v2/posts/237110586,2021-09-30T01:08:13.039Z,,,2,237110586
Dcard,toyz的狗究極進化緝毒犬,https://www.dcard.tw/service/api/v2/posts/237110450,2021-09-30T00:28:19.353Z,,,58,237110450
Dcard,Toyz跟統神的形象,https://www.dcard.tw/service/api/v2/posts/237110325,2021-09-29T23:42:08.63Z,,,19,237110325
Dcard,TOYZ重大新聞!,https://www.dcard.tw/service/api/v2/posts/237109916,2021-09-29T18:45:17.481Z,,,52,237109916
Dcard,toyz喊在,https://www.dcard.tw/service/api/v2/posts/237109897,2021-09-29T18:39:31.468Z,,,3,237109897
Dcard,Toyz販毒事件維基百科也太快了吧！,https://www.dcard.tw/service/api/v2/posts/237109723,2021-09-29T17:57:59.57Z,,,17,237109723
Dcard,toyz這人品…,https://www.dcard.tw/service/api/v2/posts/237109671,2021-09-29T17:48:40.762Z,,,251,237109671
Dcard,Toyz品牌衣服其實早就透露一切了吧,https://www.dcard.tw/service/api/v2/posts/237109563,2021-09-29T17:31:24.767Z,,,18,237109563
Dcard,住處查出200顆大麻煙彈　Toyz涉毒「如中盤商」裁定羈押,https://www.dcard.tw/service/api/v2/posts/237109497,2021-09-29T17:22:01.719Z,,,13,237109497
Dcard,Toyz 吃飯,https://www.dcard.tw/service/api/v2/posts/237108996,2021-09-29T16:15:01.56Z,,,12,237108996
Dcard,靠北Toyz逃獄了,https://www.dcard.tw/service/api/v2/posts/237108840,2021-09-29T16:00:21.673Z,,,90,237108840
Dcard,唯X音樂老闆 黃先生 八卦？,https://www.dcard.tw/service/api/v2/posts/237108777,2021-09-29T15:53:19.923Z,,,4,237108777
Dcard,toyz人品有夠差 下去真爽,https://www.dcard.tw/service/api/v2/posts/237108750,2021-09-29T15:51:03.971Z,,,60,237108750
Dcard,toyz怎麼了,https://www.dcard.tw/service/api/v2/posts/237108702,2021-09-29T15:46:57.486Z,,,221,237108702
Dcard,#新聞 TOYZ販毒..,https://www.dcard.tw/service/api/v2/posts/237108190,2021-09-29T15:03:59.247Z,,,3,237108190
Dcard,中路大麻野獸？真假？,https://www.dcard.tw/service/api/v2/posts/237107842,2021-09-29T14:38:54.128Z,,,4,237107842
Dcard,Toyz潛逃嘍,https://www.dcard.tw/service/api/v2/posts/237107785,2021-09-29T14:35:24.614Z,,,117,237107785
Dcard,Toyz 販毒！？不是真的吧？,https://www.dcard.tw/service/api/v2/posts/237107576,2021-09-29T14:16:36.04Z,,,43,237107576
Dcard,Toyz直播偷吸…,https://www.dcard.tw/service/api/v2/posts/237107554,2021-09-29T14:14:12.875Z,,,855,237107554
Dcard,#討論  Toyz涉嫌販毒重罪遭聲押,https://www.dcard.tw/service/api/v2/posts/237107539,2021-09-29T14:13:16.102Z,,,11,237107539
Dcard,"toyz驚傳販賣毒品
原來統神是全場真預言家？",https://www.dcard.tw/service/api/v2/posts/237107473,2021-09-29T14:07:11.897Z,,,44,237107473
Dcard,Toyz販毒  遭聲押,https://www.dcard.tw/service/api/v2/posts/237107247,2021-09-29T13:43:49.338Z,,,9,237107247
Dcard,Toyz惹上麻煩 台中地檢署聲押,https://www.dcard.tw/service/api/v2/posts/237107104,2021-09-29T13:29:38.731Z,,,8,237107104
Dcard,再見了大麻公道伯😢,https://www.dcard.tw/service/api/v2/posts/237107022,2021-09-29T13:20:00.878Z,,,2305,237107022
Dcard,嘖嘖,https://www.dcard.tw/service/api/v2/posts/237107021,2021-09-29T13:19:47.257Z,,,14,237107021
Dcard,Toyz驚傳販賣大麻,https://www.dcard.tw/service/api/v2/posts/237106780,2021-09-29T12:54:10.723Z,,,5,237106780
Dcard,難道是傳說中的風水輪流轉嗎,https://www.dcard.tw/service/api/v2/posts/237106645,2021-09-29T12:37:32.354Z,,,26,237106645
Dcard,LOL前世界冠軍Toyz驚傳販毒　遭聲押,https://www.dcard.tw/service/api/v2/posts/237106541,2021-09-29T12:25:59.251Z,,,233,237106541
Dcard,LOL前世界冠軍Toyz驚傳販毒！　遭中檢聲押,https://www.dcard.tw/service/api/v2/posts/237106471,2021-09-29T12:18:37.624Z,,,23,237106471
Dcard,統神翻盤啦各位,https://www.dcard.tw/service/api/v2/posts/237106462,2021-09-29T12:17:13.269Z,,,55,237106462
Dcard,Toyz販毒,https://www.dcard.tw/service/api/v2/posts/237106393,2021-09-29T12:08:23.922Z,,,223,237106393
Dcard,快訊／LOL前世界冠軍Toyz驚傳販毒　遭台中地檢署聲押,https://www.dcard.tw/service/api/v2/posts/237106392,2021-09-29T12:08:11.082Z,,,29,237106392
Dcard,Toyz 喊在！,https://www.dcard.tw/service/api/v2/posts/237106368,2021-09-29T12:05:20.404Z,,,6,237106368
Dcard,Toyz,https://www.dcard.tw/service/api/v2/posts/237106295,2021-09-29T11:57:27.035Z,,,17,237106295
Dcard,toyz販毒,https://www.dcard.tw/service/api/v2/posts/237106285,2021-09-29T11:56:25.896Z,,,16,237106285
Dcard,LOL前世界冠軍Toyz驚傳販毒,https://www.dcard.tw/service/api/v2/posts/237106161,2021-09-29T11:43:41.272Z,,,214,237106161
Dcard,有哪些實況主玩任何遊戲都好看?,https://www.dcard.tw/service/api/v2/posts/237092127,2021-09-28T03:26:11.665Z,,,6,237092127
Dcard,#分享 好感度upup💕挑戰日雜透明感妝容,https://www.dcard.tw/service/api/v2/posts/237066384,2021-09-25T02:01:58.65Z,,,154,237066384
Dcard,#分享 吃貨恐龍冒險旅程 大隱藏龍龍武士😍青之鬼雷龍🦕,https://www.dcard.tw/service/api/v2/posts/236991721,2021-09-16T11:14:19.926Z,,,28,236991721
Dcard,TOYZ : 學習能力下降是選手職涯短的主因,https://www.dcard.tw/service/api/v2/posts/236960578,2021-09-13T09:10:26.819Z,,,163,236960578
Dcard,3D視覺型放置RPG《放置英雄Eureka》代言人為什麼是她！,https://www.dcard.tw/service/api/v2/posts/236897038,2021-09-06T05:12:31.977Z,,,31,236897038
Dcard,第二個羊毛氈作品 植毛哈士奇,https://www.dcard.tw/service/api/v2/posts/236875888,2021-09-03T10:21:06.882Z,,,184,236875888
Dcard,拍過men's health korea＆Pilates S 雜誌封面的偶像們,https://www.dcard.tw/service/api/v2/posts/236870555,2021-09-02T16:09:52.533Z,,,224,236870555
Dcard,魔幻RPG手遊《戰神風暴》9月2日炫戰上市 打造新世代戰魂精神！鼓鼓呂思緯、蕭秉治、Julia吳卓源聯手打造遊戲同名主題曲 《戰神風暴》完整MV全球首播 ！堅持，才有靈魂！星戰知名鑄劍師馬可多為《戰神風暴》打造專屬武器,https://www.dcard.tw/service/api/v2/posts/236865757,2021-09-02T06:19:46.697Z,,,15,236865757
Dcard,踢破球跟踢破牆壁  哪個比較扯?,https://www.dcard.tw/service/api/v2/posts/236835977,2021-08-29T12:06:14.627Z,,,4,236835977
Dcard,Toyz開台近二十小時,https://www.dcard.tw/service/api/v2/posts/236820541,2021-08-27T09:37:12.397Z,,,22,236820541
Dcard,😡又舔…😡又舔….又… 又舔嘴唇!!! 😡,https://www.dcard.tw/service/api/v2/posts/236759526,2021-08-19T09:49:15.767Z,,,27,236759526
Dcard,台灣一堆淘寶貼牌貨是不是,https://www.dcard.tw/service/api/v2/posts/236734696,2021-08-16T08:41:40.955Z,,,7,236734696
Dcard,製作的Line時事梗貼圖被退回,https://www.dcard.tw/service/api/v2/posts/236714242,2021-08-13T13:58:29.291Z,,,4,236714242
Dcard,哪個實況主的女友最正?,https://www.dcard.tw/service/api/v2/posts/236703305,2021-08-12T07:06:58.539Z,,,796,236703305
Dcard,實況主盃讓統神下降四個人氣數,https://www.dcard.tw/service/api/v2/posts/236676652,2021-08-08T15:29:56.972Z,,,100,236676652
Dcard,Toyz親弟？ 可以教他玩一下傳說嗎,https://www.dcard.tw/service/api/v2/posts/236665792,2021-08-07T06:56:15.455Z,,,75,236665792
Dcard,大家喜歡Toyz的實況風格嗎?,https://www.dcard.tw/service/api/v2/posts/236659522,2021-08-06T09:56:07.692Z,,,202,236659522
Dcard,Toyzeroplus 玩具處理態度消極 請大家注意,https://www.dcard.tw/service/api/v2/posts/236601433,2021-07-29T12:36:43.799Z,,,18,236601433
Dcard,統粉集結！,https://www.dcard.tw/service/api/v2/posts/236599641,2021-07-29T08:15:35.642Z,,,24,236599641
Dcard,丁特公道的排程問題（雙標）,https://www.dcard.tw/service/api/v2/posts/236593342,2021-07-28T10:51:29.09Z,,,38,236593342
Dcard,Toyz丟火柴,https://www.dcard.tw/service/api/v2/posts/236592060,2021-07-28T07:44:27.087Z,,,382,236592060
Dcard,統亮大戰後續，丁椅戰場開啟？,https://www.dcard.tw/service/api/v2/posts/236589503,2021-07-27T21:07:20.767Z,,,196,236589503
Dcard,想知道統神這樣算不算被網路霸凌？,https://www.dcard.tw/service/api/v2/posts/236589406,2021-07-27T20:15:00.457Z,,,16,236589406
Dcard,請問朝陽長哥是哪系的猴子,https://www.dcard.tw/service/api/v2/posts/236588009,2021-07-27T15:40:34.045Z,,,21,236588009
Dcard,一張圖完美分析｜統神&館長直播 TOYZ事件,https://www.dcard.tw/service/api/v2/posts/236583386,2021-07-27T04:59:31.649Z,,,30,236583386
Dcard,都做做效果啦之五萬事件,https://www.dcard.tw/service/api/v2/posts/236583348,2021-07-27T04:53:58.601Z,,,71,236583348
Dcard,談談統神風波,https://www.dcard.tw/service/api/v2/posts/236582110,2021-07-26T23:48:07.651Z,,,7,236582110
Dcard,統神與003,https://www.dcard.tw/service/api/v2/posts/236581942,2021-07-26T21:37:55.559Z,,,196,236581942
Dcard,ㄧ更-十天簡易版-統椅之爭總整理,https://www.dcard.tw/service/api/v2/posts/236577425,2021-07-26T09:22:00.623Z,,,40,236577425
Dcard,Toyz上館長直播嗆統神欠錢不還,https://www.dcard.tw/service/api/v2/posts/236577067,2021-07-26T08:32:14.601Z,,,2,236577067
Dcard,#討論 統神這波爭議算業力引爆嗎?,https://www.dcard.tw/service/api/v2/posts/236575998,2021-07-26T06:03:44.726Z,,,12,236575998
Dcard,抵制統神,https://www.dcard.tw/service/api/v2/posts/236575430,2021-07-26T04:39:19.723Z,,,46,236575430
Dcard,#討論 Toyz＆統神工商及後續,https://www.dcard.tw/service/api/v2/posts/236575058,2021-07-26T03:30:56.758Z,,,7,236575058
Dcard,統神工商事件,https://www.dcard.tw/service/api/v2/posts/236574269,2021-07-25T23:04:38.477Z,,,0,236574269
Dcard,統神是不是最大贏家,https://www.dcard.tw/service/api/v2/posts/236574081,2021-07-25T20:32:21.724Z,,,3,236574081
Dcard,董神是不是真的病了,https://www.dcard.tw/service/api/v2/posts/236573656,2021-07-25T18:12:46.9Z,,,132,236573656
Dcard,統椅事件 大家都有看第二場工商嗎?,https://www.dcard.tw/service/api/v2/posts/236573078,2021-07-25T16:41:17.108Z,,,46,236573078
Dcard,統神叫老婆下跪給Toyz 道歉…,https://www.dcard.tw/service/api/v2/posts/236571088,2021-07-25T12:19:02.668Z,,,534,236571088
Dcard,統椅戰爭結論…EQ是個硬傷啊,https://www.dcard.tw/service/api/v2/posts/236567319,2021-07-25T01:19:01.148Z,,,12,236567319
Dcard,真的沒人覺得這次是Toyz的錯嗎？,https://www.dcard.tw/service/api/v2/posts/236565534,2021-07-24T16:14:18.352Z,,,873,236565534
Dcard,館長直播,https://www.dcard.tw/service/api/v2/posts/236563942,2021-07-24T12:43:19.595Z,,,477,236563942
Dcard,你們算什麼統粉椅粉？,https://www.dcard.tw/service/api/v2/posts/236561754,2021-07-24T07:04:26.271Z,,,7,236561754
Dcard,Joeman怎麼了,https://www.dcard.tw/service/api/v2/posts/236555985,2021-07-23T10:30:57.034Z,,,1638,236555985
Dcard,統神講單挑影片觀後感,https://www.dcard.tw/service/api/v2/posts/236555913,2021-07-23T10:22:23.155Z,,,42,236555913
Dcard,統神和Toyz事件為什麼會吵得如此下場?,https://www.dcard.tw/service/api/v2/posts/236555830,2021-07-23T10:10:38.909Z,,,37,236555830
Dcard,TOYZ嘲諷方式算常見跟正常嗎？,https://www.dcard.tw/service/api/v2/posts/236552704,2021-07-23T02:21:40.286Z,,,80,236552704
Dcard,Toyz vs 統神  統神真正犯下的大錯,https://www.dcard.tw/service/api/v2/posts/236552213,2021-07-22T23:18:00.619Z,,,179,236552213
Dcard,有人有統神 toyz 的懶人包嗎,https://www.dcard.tw/service/api/v2/posts/236551663,2021-07-22T18:44:19.879Z,,,13,236551663
Dcard,女友變成統粉,https://www.dcard.tw/service/api/v2/posts/236549088,2021-07-22T13:19:55.039Z,,,9,236549088
Dcard,Toyz被統神老婆003私訊髒話幹譙！！！！,https://www.dcard.tw/service/api/v2/posts/236547546,2021-07-22T10:08:35.258Z,,,14,236547546
Dcard,統神toyz事件 （幫統神講幾句話好了,https://www.dcard.tw/service/api/v2/posts/236545825,2021-07-22T06:19:03.503Z,,,177,236545825
Dcard,統神椅子天涯事件誰站得住腳?,https://www.dcard.tw/service/api/v2/posts/236544918,2021-07-22T03:57:02.782Z,,,52,236544918
Dcard,Toyz 統神 一場大戲,https://www.dcard.tw/service/api/v2/posts/236544569,2021-07-22T02:59:02.731Z,,,259,236544569
Dcard,我要看到血流成河,https://www.dcard.tw/service/api/v2/posts/236543768,2021-07-21T21:27:45.413Z,,,5,236543768
Dcard,TOYZ是不是吵架王,https://www.dcard.tw/service/api/v2/posts/236542278,2021-07-21T16:03:34.676Z,,,18,236542278
Dcard,喜歡統神的原因是啥？,https://www.dcard.tw/service/api/v2/posts/236541504,2021-07-21T14:36:37.049Z,,,10,236541504
Dcard,大撞臉時代,https://www.dcard.tw/service/api/v2/posts/236541243,2021-07-21T14:09:13.642Z,,,201,236541243
Dcard,Toyz&統神 究竟誰對誰錯(天涯m事件),https://www.dcard.tw/service/api/v2/posts/236539972,2021-07-21T11:28:22.31Z,,,161,236539972
Dcard,亞洲統神以及Toyz事件的問題癥結點,https://www.dcard.tw/service/api/v2/posts/236538788,2021-07-21T09:05:08.89Z,,,39,236538788
Dcard,統神黃昏?,https://www.dcard.tw/service/api/v2/posts/236536747,2021-07-21T04:24:03.046Z,,,147,236536747
Dcard,統椅相爭 廠商得利,https://www.dcard.tw/service/api/v2/posts/236534952,2021-07-20T18:21:04.634Z,,,76,236534952
Dcard,#偷,https://www.dcard.tw/service/api/v2/posts/236531633,2021-07-20T11:05:25.352Z,,,6,236531633
Dcard,TOYZ統神影片被檢舉下架,https://www.dcard.tw/service/api/v2/posts/236527382,2021-07-19T22:19:34.427Z,,,212,236527382
Dcard,統神是TOYZ的狗嗎?,https://www.dcard.tw/service/api/v2/posts/236517502,2021-07-18T15:38:10.873Z,,,81,236517502
Dcard,統神被兒子晨晨罵7414 後面爆氣,https://www.dcard.tw/service/api/v2/posts/236501172,2021-07-16T11:51:29.768Z,,,35,236501172
Dcard,翟本喬是不是贏了,https://www.dcard.tw/service/api/v2/posts/236497876,2021-07-16T03:49:14.441Z,,,2,236497876
Dcard,裡面有叉燒啊 各位,https://www.dcard.tw/service/api/v2/posts/236451565,2021-07-10T02:20:40.368Z,,,20,236451565
Dcard,奎丁&勾惡,https://www.dcard.tw/service/api/v2/posts/236447568,2021-07-09T12:01:55.922Z,,,693,236447568
Dcard,最近YT好像燒很兇,https://www.dcard.tw/service/api/v2/posts/236429006,2021-07-07T06:15:40.32Z,,,3,236429006
Dcard,他是故意的我還真的不信但看了傷害後….,https://www.dcard.tw/service/api/v2/posts/236383656,2021-07-01T07:48:49.385Z,,,133,236383656
Dcard,Orchid Restaurant 蘭餐廳 用餐心得,https://www.dcard.tw/service/api/v2/posts/236301585,2021-06-20T15:16:48.333Z,,,14,236301585
Dcard,有台大生知道台大IU是誰ㄇ,https://www.dcard.tw/service/api/v2/posts/236282598,2021-06-18T05:30:21.649Z,,,16,236282598
Dcard,球Z講古時間以及評價每個TPA隊友,https://www.dcard.tw/service/api/v2/posts/236193178,2021-06-07T05:40:01.441Z,,,50,236193178
Dcard,#情報 6/7富士山雷龍-魔幻時刻 限時不限量販售,https://www.dcard.tw/service/api/v2/posts/236192079,2021-06-07T03:01:03.08Z,,,4,236192079
Dcard,更新）新北急診室現況，醫療量能充足？！不加開病房就撤銷醫中執照、不給付健保哦,https://www.dcard.tw/service/api/v2/posts/236133157,2021-05-30T18:06:18.368Z,,,86,236133157
Dcard,推薦的YTR,https://www.dcard.tw/service/api/v2/posts/236127049,2021-05-30T03:56:10.976Z,,,5,236127049
Dcard,民進黨網路中心主任公然對疫苗造謠(300萬囉,https://www.dcard.tw/service/api/v2/posts/236123685,2021-05-29T14:42:21.635Z,,,33,236123685
Dcard,Teamfight Manager➤Ban角階段就決定了勝負50%◆電競教練模擬器介紹,https://www.dcard.tw/service/api/v2/posts/236122766,2021-05-29T12:41:45.039Z,,,15,236122766
Dcard,時事公道伯_特哥？,https://www.dcard.tw/service/api/v2/posts/236063804,2021-05-22T14:32:39.909Z,,,12,236063804
Dcard,尋學生證,https://www.dcard.tw/service/api/v2/posts/235858146,2021-04-27T07:11:31.33Z,,,7,235858146
Dcard,［手繪］聖啟織偶 關✨,https://www.dcard.tw/service/api/v2/posts/235821949,2021-04-22T05:27:32.682Z,,,19,235821949
Dcard,打電動的66666或777777來自哪裡,https://www.dcard.tw/service/api/v2/posts/235805290,2021-04-19T19:37:42.838Z,,,2,235805290
Dcard,#請益 屏東墾丁旅遊建議,https://www.dcard.tw/service/api/v2/posts/235673158,2021-04-01T05:15:13.232Z,,,14,235673158
Dcard,Faker是最強的？,https://www.dcard.tw/service/api/v2/posts/235586524,2021-03-19T21:09:36.223Z,,,165,235586524
Dcard,有人認識Toyz這個youtuber嗎,https://www.dcard.tw/service/api/v2/posts/235498339,2021-03-07T11:08:12.154Z,,,8,235498339
Dcard,泱泱有男友？,https://www.dcard.tw/service/api/v2/posts/235339969,2021-02-12T16:13:51.658Z,,,3391,235339969
Dcard,#分享 R語言-股票套件quantmod & tidyquant基本介紹,https://www.dcard.tw/service/api/v2/posts/235339467,2021-02-12T15:09:22.659Z,,,58,235339467
Dcard,喜歡看哪些youtuber吃吃喝喝?,https://www.dcard.tw/service/api/v2/posts/235319283,2021-02-09T03:30:21.555Z,,,16,235319283
Dcard,為什麼 Youtuber 都不戴口罩,https://www.dcard.tw/service/api/v2/posts/235224224,2021-01-23T17:25:54.425Z,,,1085,235224224
Dcard,聊天室滑起來！為什麼實況這麼好看捏(･ω´･ )？,https://www.dcard.tw/service/api/v2/posts/235177008,2021-01-15T11:41:09.139Z,,,114,235177008
Dcard,2:45美食街即將出沒乳牛,https://www.dcard.tw/service/api/v2/posts/235115549,2021-01-05T06:43:08.427Z,,,60,235115549
Dcard,谷阿莫 V.S Toyz：《三國志戰略版》組織與武勇的頂尖對決,https://www.dcard.tw/service/api/v2/posts/235042061,2020-12-24T07:43:07.929Z,,,11,235042061
Dcard,谷阿莫現在到底是黑是白(ﾟ∀ﾟ),https://www.dcard.tw/service/api/v2/posts/235015253,2020-12-20T03:15:48.415Z,,,1617,235015253
Dcard,新手增肌減脂詢問,https://www.dcard.tw/service/api/v2/posts/234988161,2020-12-15T14:34:54.585Z,,,9,234988161
Dcard,綠鬣蜥料理,https://www.dcard.tw/service/api/v2/posts/234988039,2020-12-15T14:18:39.666Z,,,4,234988039
Dcard,Toyz新女友,https://www.dcard.tw/service/api/v2/posts/234821109,2020-11-18T07:05:22.704Z,,,2302,234821109
Dcard,整禽斬件擺盤技巧與烤鴨小籠包,https://www.dcard.tw/service/api/v2/posts/234707007,2020-10-30T07:58:01.812Z,,,45,234707007
Dcard,當選手一個一個退役  也覺得遊戲離我越來越遠,https://www.dcard.tw/service/api/v2/posts/234696152,2020-10-28T13:11:09.466Z,,,127,234696152
Dcard,外國人會看台灣的實況主嗎,https://www.dcard.tw/service/api/v2/posts/234609076,2020-10-14T08:19:07.544Z,,,6,234609076
Dcard,卡樂芙 薄暮霧茶棕,https://www.dcard.tw/service/api/v2/posts/234499763,2020-09-25T11:39:49.524Z,,,47,234499763
Dcard,#新聞 西門夜說、Toyz、3Z入選世界賽經典Play,https://www.dcard.tw/service/api/v2/posts/234470745,2020-09-21T09:49:07.181Z,,,77,234470745
Dcard,200910 朴珍榮首爾國際電影節MC,https://www.dcard.tw/service/api/v2/posts/234402366,2020-09-12T04:53:33.141Z,,,460,234402366
Dcard,#分享 iOS LINE一鍵刪除好友,https://www.dcard.tw/service/api/v2/posts/234307197,2020-08-27T18:20:57.518Z,,,17,234307197
Dcard,知名實況主 Shroud 回歸 Twitch 後 創下超過 51 萬人同時在線觀看紀錄,https://www.dcard.tw/service/api/v2/posts/234224638,2020-08-14T04:47:53.398Z,,,12,234224638
Dcard,那些被鄰居討厭的實況主們,https://www.dcard.tw/service/api/v2/posts/234209260,2020-08-11T14:03:10.894Z,,,162,234209260
Dcard,#更新 #文長 這是出軌的前兆嗎,https://www.dcard.tw/service/api/v2/posts/234110175,2020-07-24T15:44:07.667Z,,,5072,234110175
Dcard,Toyz業配影片 在餐廳抽電子菸！,https://www.dcard.tw/service/api/v2/posts/234090220,2020-07-21T10:30:46.598Z,,,21,234090220
Dcard,請問我朋友這樣有市場嗎,https://www.dcard.tw/service/api/v2/posts/234090155,2020-07-21T10:20:55.247Z,,,1,234090155
Dcard,嘉義二日不專業吃貨part1🥰,https://www.dcard.tw/service/api/v2/posts/234070794,2020-07-18T01:46:09.004Z,,,386,234070794
Dcard,[詢問]YouTube上實況精華是開直播時邊錄影嗎？,https://www.dcard.tw/service/api/v2/posts/234016959,2020-07-08T10:55:18.966Z,,,4,234016959
Dcard,BMW「i8」Ultimate Sophisto Edition電能巡迴展，全球限量特仕版,https://www.dcard.tw/service/api/v2/posts/233992039,2020-07-04T01:29:02.297Z,,,19,233992039
Dcard,Toyz 考駕照,https://www.dcard.tw/service/api/v2/posts/233890935,2020-06-17T05:27:44.877Z,,,718,233890935
Dcard,優秀的你能進來幫我ㄧ個忙嗎,https://www.dcard.tw/service/api/v2/posts/233860100,2020-06-12T07:24:29.361Z,,,47,233860100
Dcard,#分享#撒嬌專用表情包,https://www.dcard.tw/service/api/v2/posts/233794760,2020-06-02T08:26:54.896Z,,,166,233794760
Dcard,是我太笨 讓妳在情人節跟我分手,https://www.dcard.tw/service/api/v2/posts/233404656,2020-04-04T05:48:36.153Z,,,3,233404656
Dcard,Toyz女裝,https://www.dcard.tw/service/api/v2/posts/232992612,2020-01-31T17:02:10.805Z,,,62,232992612
Dcard,請問有人認識這個妹子嗎,https://www.dcard.tw/service/api/v2/posts/232853955,2020-01-08T18:37:31.347Z,,,9,232853955
Dcard,用72組Year Mix 跨年 Bye Bye 2019 Welcome 2020!!!,https://www.dcard.tw/service/api/v2/posts/232797019,2019-12-31T08:04:32.978Z,,,12,232797019
Dcard,Toyz影片的配樂,https://www.dcard.tw/service/api/v2/posts/232773516,2019-12-27T16:45:49.842Z,,,2,232773516
Dcard,餐酒館裡的戰斧牛排👌,https://www.dcard.tw/service/api/v2/posts/232751178,2019-12-24T09:38:43.317Z,,,143,232751178
Dcard,Youtube Toyz 引發的亂象,https://www.dcard.tw/service/api/v2/posts/232695302,2019-12-16T05:33:09.686Z,,,26,232695302
Dcard,是我的無能為力 讓妳被其他男人玷污了⋯,https://www.dcard.tw/service/api/v2/posts/232623975,2019-12-04T09:04:42.923Z,,,1,232623975
Dcard,TOYZ要跳樓了,https://www.dcard.tw/service/api/v2/posts/232476165,2019-11-10T14:39:49.773Z,,,29,232476165
Dcard,失望又難過的白白粉 #台北玩具展 #Toyzeroplus,https://www.dcard.tw/service/api/v2/posts/232284132,2019-10-12T14:53:55.033Z,,,4,232284132
Dcard,toyz在實況圈機x程度前三？,https://www.dcard.tw/service/api/v2/posts/232270625,2019-10-10T11:55:31.469Z,,,30,232270625
Dcard,電競社—期初社大就在明天！,https://www.dcard.tw/service/api/v2/posts/232107489,2019-09-17T09:56:31.055Z,,,7,232107489
Dcard,我終於也有機會跟可愛妹紙打PUBG了XD,https://www.dcard.tw/service/api/v2/posts/232107174,2019-09-17T09:11:11.839Z,,,1,232107174
Dcard,希望這個世界的人可以多一點善良跟包容,https://www.dcard.tw/service/api/v2/posts/231854007,2019-08-13T16:11:23.853Z,,,25,231854007
Dcard,LOL,https://www.dcard.tw/service/api/v2/posts/231816762,2019-08-08T04:50:18.214Z,,,4,231816762
Dcard,我們只想安穩地過日子,https://www.dcard.tw/service/api/v2/posts/231491589,2019-06-13T18:43:29.322Z,,,6,231491589
Dcard,toyz:不懂100萬人為什麼要遊行？對我生活沒影響阿！,https://www.dcard.tw/service/api/v2/posts/231491377,2019-06-13T17:59:38.274Z,,,11,231491377
Dcard,Toyz開台了，香港不是只有一種聲音,https://www.dcard.tw/service/api/v2/posts/231488949,2019-06-13T12:38:01.28Z,,,10,231488949
Dcard,笑話,https://www.dcard.tw/service/api/v2/posts/231479925,2019-06-12T08:38:56.125Z,,,2,231479925
Dcard,5/6~5/12  電音新歌推薦  好快一個禮拜就過去了!,https://www.dcard.tw/service/api/v2/posts/231272543,2019-05-12T11:55:57.156Z,,,39,231272543
Dcard,Toyz要被請去吃漢堡了！？,https://www.dcard.tw/service/api/v2/posts/231203930,2019-05-01T14:38:24.186Z,,,50,231203930
Dcard,台灣社會到底怎麼了？！,https://www.dcard.tw/service/api/v2/posts/230899291,2019-03-17T02:09:24.954Z,,,5,230899291
Dcard,耳環遺失,https://www.dcard.tw/service/api/v2/posts/230686166,2019-02-14T08:14:04.494Z,,,4,230686166
Dcard,Youtube 系,https://www.dcard.tw/service/api/v2/posts/230548865,2019-01-21T16:45:13.788Z,,,61,230548865
Dcard,關於 友情的終點(文超長),https://www.dcard.tw/service/api/v2/posts/230350690,2018-12-25T19:34:16.29Z,,,51,230350690
Dcard,#圖 lilybyred柿子色唇釉/腮紅分享,https://www.dcard.tw/service/api/v2/posts/230253382,2018-12-11T13:02:26.022Z,,,123,230253382
Dcard,學校竟然有toyz 跟丁特,https://www.dcard.tw/service/api/v2/posts/230252617,2018-12-11T11:07:51.239Z,,,4,230252617
Dcard,這麼喜歡怎麼辦 DAY6💕 좋은걸 뭐 어떡해 데이식스💕,https://www.dcard.tw/service/api/v2/posts/229711365,2018-09-23T11:22:30.118Z,,,286,229711365
Dcard,"#WJSN #宇宙少女 回歸 Save Me,Save You",https://www.dcard.tw/service/api/v2/posts/229682570,2018-09-19T09:22:13.513Z,,,226,229682570
Dcard,#LOL 六都TPA&TFA,https://www.dcard.tw/service/api/v2/posts/229530534,2018-08-29T09:24:40.805Z,,,101,229530534
Dcard,S2 時代的眼淚 TPA暗殺星,https://www.dcard.tw/service/api/v2/posts/229512421,2018-08-26T15:02:24.229Z,,,91,229512421
Dcard,#英雄聯盟 BOBO事件與統神事件,https://www.dcard.tw/service/api/v2/posts/229357778,2018-08-01T19:11:55.181Z,,,22,229357778
Dcard,你就點進來回憶一下,https://www.dcard.tw/service/api/v2/posts/228669783,2018-04-12T01:04:16.314Z,,,2407,228669783
Dcard,英雄聯盟還能紅幾年?,https://www.dcard.tw/service/api/v2/posts/228629730,2018-04-05T09:20:53.711Z,,,29,228629730
Dcard,🤩推薦很正能量的在日台灣人Youtuber,https://www.dcard.tw/service/api/v2/posts/228592745,2018-03-30T10:58:16.079Z,,,289,228592745
Dcard,#LOL 淺淡部分女生被看不起的原因,https://www.dcard.tw/service/api/v2/posts/228325601,2018-02-19T00:35:34.907Z,,,71,228325601
Dcard,#手作卡片#情人節立體書(可展示),https://www.dcard.tw/service/api/v2/posts/228298362,2018-02-14T03:17:19.199Z,,,296,228298362
Dcard,hka亂開除人? 不意外,https://www.dcard.tw/service/api/v2/posts/228263631,2018-02-07T14:53:00.239Z,,,0,228263631
Dcard,#手帳封面拼貼分享,https://www.dcard.tw/service/api/v2/posts/227885142,2017-12-11T06:21:21.291Z,,,139,227885142
Dcard,該怎麼對付外寢難民,https://www.dcard.tw/service/api/v2/posts/227555038,2017-10-26T00:53:29.834Z,,,17,227555038
Dcard,誰叫你不選個字😏,https://www.dcard.tw/service/api/v2/posts/227025352,2017-08-18T04:31:35.216Z,,,2267,227025352
Dcard,🍽文藻戈登教你做🍳 烘焙廚房系列 - 日式老爺爺蛋糕(仿),https://www.dcard.tw/service/api/v2/posts/226959451,2017-08-08T06:24:12.842Z,,,1728,226959451
Dcard,#LOL 請問Toyz是電競獸之巨人嗎？,https://www.dcard.tw/service/api/v2/posts/226807487,2017-07-15T07:30:58.388Z,,,7,226807487
Dcard,#LOL Dinter即將退役,https://www.dcard.tw/service/api/v2/posts/226701561,2017-06-28T03:35:50.714Z,,,122,226701561
Dcard,求背景音樂,https://www.dcard.tw/service/api/v2/posts/226678647,2017-06-24T11:34:05.46Z,,,2,226678647
Dcard,#白白日記 #公仔 我領養了一隻白白！( • ̀ω•́ )✧再會了！追2年的妳( •̥́ ˍ •̀ू ),https://www.dcard.tw/service/api/v2/posts/226634042,2017-06-17T18:27:24.826Z,,,288,226634042
Dcard,韓國女團的專輯主打曲(二),https://www.dcard.tw/service/api/v2/posts/226539920,2017-06-04T15:48:47.06Z,,,34,226539920
Dcard,Twitch實況主,https://www.dcard.tw/service/api/v2/posts/226298670,2017-05-01T07:08:49.644Z,,,5,226298670
Dcard,漢子室友的叫床聲,https://www.dcard.tw/service/api/v2/posts/226186890,2017-04-14T15:42:02.939Z,,,895,226186890
Dcard,#圖 那年我愛上的Toyz,https://www.dcard.tw/service/api/v2/posts/226170330,2017-04-12T10:01:36.809Z,,,113,226170330
Dcard,#更#陰陽師 妖刀姬神龕抉擇,https://www.dcard.tw/service/api/v2/posts/226029415,2017-03-22T04:57:05.025Z,,,12,226029415
Dcard,在學校附近看見TOYz !!,https://www.dcard.tw/service/api/v2/posts/225928983,2017-03-06T05:54:04.028Z,,,4,225928983
Dcard,#圖#12隻唇膏試色不專業分析,https://www.dcard.tw/service/api/v2/posts/225755030,2017-02-06T16:56:51.306Z,,,51,225755030
Dcard,再次更新髮色❣️#圖 染髮! 卡樂芙新色 霧感灰綠🔥,https://www.dcard.tw/service/api/v2/posts/225643979,2017-01-19T17:31:30.604Z,,,593,225643979
Dcard,#問 黑裙穿搭,https://www.dcard.tw/service/api/v2/posts/225625210,2017-01-17T16:28:56.137Z,,,26,225625210
Dcard,#lol   問Toyz的戰隊,https://www.dcard.tw/service/api/v2/posts/225488990,2016-12-30T05:58:45.47Z,,,4,225488990
Dcard,#圖多 文長 台中美食之旅,https://www.dcard.tw/service/api/v2/posts/225041752,2016-10-23T10:50:16.777Z,,,2108,225041752
Dcard,#圖 耍腦是會遺傳的,https://www.dcard.tw/service/api/v2/posts/225024201,2016-10-20T19:39:40.31Z,,,18,225024201
Dcard,巴基解凍=toyz解凍,https://www.dcard.tw/service/api/v2/posts/224768378,2016-09-15T18:17:05.21Z,,,4,224768378
Dcard,#LOL 我們的Toyz回來啦,https://www.dcard.tw/service/api/v2/posts/224766642,2016-09-15T14:39:01.61Z,,,309,224766642
Dcard,#LOL 與 HKES 關係完全決裂！Toyz 找到新東家後正式回歸,https://www.dcard.tw/service/api/v2/posts/224745337,2016-09-12T11:50:31.394Z,,,96,224745337
Dcard,#LOL 鐘培生談論Toyz 觀後小小看法,https://www.dcard.tw/service/api/v2/posts/224723259,2016-09-09T02:39:07.884Z,,,89,224723259
Dcard,中原狂便當！！！,https://www.dcard.tw/service/api/v2/posts/224225413,2016-06-19T11:36:19.043Z,,,244,224225413
Dcard,#LOL初學者團,https://www.dcard.tw/service/api/v2/posts/224210050,2016-06-16T16:28:54.96Z,,,35,224210050
Dcard,協尋捷運蛋黃哥,https://www.dcard.tw/service/api/v2/posts/224089693,2016-05-26T11:30:02.614Z,,,15,224089693
Dcard,#LOL. 最初的感動.最後的感慨,https://www.dcard.tw/service/api/v2/posts/157726966,2016-04-25T20:31:55.672Z,,,217,157726966
Dcard,「美食」蝸·丼飯 鍋物,https://www.dcard.tw/service/api/v2/posts/146292937,2016-04-22T11:52:01.587Z,,,78,146292937
Dcard,世界上總有二個人不會游泳,https://www.dcard.tw/service/api/v2/posts/88689638,2016-04-06T03:44:33.265Z,,,21,88689638
Dcard,#分享 自助這樣玩---韓國釜山6天5夜行軍全紀錄+四季穿著(文長),https://www.dcard.tw/service/api/v2/posts/76493255,2016-04-02T06:38:22.797Z,,,169,76493255
Dcard,#LOL LMS S6各隊出賽選手,https://www.dcard.tw/service/api/v2/posts/959614,2016-01-06T14:57:50.477Z,,,17,959614
Dcard,跟卡友OOXX!!!!,https://www.dcard.tw/service/api/v2/posts/948713,2016-01-04T02:42:47.446Z,,,43,948713
Dcard,英雄聯盟ALL STAR明星賽,https://www.dcard.tw/service/api/v2/posts/865398,2015-12-11T09:56:36.16Z,,,3,865398
Dcard,#LOL 賽季告一段落LMS的消息 Part2,https://www.dcard.tw/service/api/v2/posts/792317,2015-11-20T08:02:49.677Z,,,19,792317
Dcard,#LOL 賽季告一段落LMS的消息,https://www.dcard.tw/service/api/v2/posts/734699,2015-11-07T07:25:57.31Z,,,19,734699
Dcard,#LOL,https://www.dcard.tw/service/api/v2/posts/734284,2015-11-07T04:08:10.199Z,,,2,734284
Dcard,牠們讓你想到誰?,https://www.dcard.tw/service/api/v2/posts/682593,2015-10-22T11:33:00.195Z,,,22,682593
Dcard,謝謝200%的你們，用自身的努力讓世界看到(文長),https://www.dcard.tw/service/api/v2/posts/662242,2015-10-16T21:02:20.114Z,,,12,662242
Dcard,星期一d3d4的楊志田電腦應用,https://www.dcard.tw/service/api/v2/posts/623261,2015-10-05T04:30:19.791Z,,,7,623261
Dcard,10/10之前的好消息  恭喜閃電狼在國慶之前打爆KT 和 CLG,https://www.dcard.tw/service/api/v2/posts/622732,2015-10-04T19:14:25.057Z,,,40,622732
Dcard,TPA拿下S2冠軍,https://www.dcard.tw/service/api/v2/posts/531496,2015-09-06T02:53:00.067Z,,,12,531496
Dcard,吃腳魚,https://www.dcard.tw/service/api/v2/posts/486262,2015-08-24T05:33:47.857Z,,,13,486262
Dcard,TOYZ(電競選手),https://www.dcard.tw/service/api/v2/posts/468923,2015-08-18T15:00:58.261Z,,,20,468923
Dcard,# 電競 toyz退休,https://www.dcard.tw/service/api/v2/posts/468705,2015-08-18T13:45:15.057Z,,,11,468705
Dcard,偷椅子toy z感性直播觀眾破四萬了~我們都是看TPA才打LOL的~~大家快去塞爆QAQ,https://www.dcard.tw/service/api/v2/posts/468548,2015-08-18T12:45:05.465Z,,,6,468548
Dcard,大學 人生勝利組,https://www.dcard.tw/service/api/v2/posts/468399,2015-08-18T11:46:04.147Z,,,39,468399
Dcard,<Toy廚房>豆奶白醬牛排蔬菜燉飯（低卡纖維素版>,https://www.dcard.tw/service/api/v2/posts/463563,2015-08-16T16:53:33.184Z,,,31,463563
Dcard,我看了很心痛...很愛又很無奈的台灣電競,https://www.dcard.tw/service/api/v2/posts/463366,2015-08-16T16:03:48.699Z,,,17,463366
Dcard,<Toy廚房>烤雞胸肉洋蔥蛋 (低卡蛋白質小資版),https://www.dcard.tw/service/api/v2/posts/460045,2015-08-15T11:53:20.341Z,,,40,460045
Dcard,<Toy廚房>番茄雞胸義大利麵（低熱量健康版）,https://www.dcard.tw/service/api/v2/posts/454097,2015-08-13T07:09:39.8Z,,,52,454097
Dcard,告白失敗後，我們關係更好了,https://www.dcard.tw/service/api/v2/posts/434924,2015-08-06T03:50:25.636Z,,,28,434924
Dcard,帶上保險套就別自以為是萬能鑰匙,https://www.dcard.tw/service/api/v2/posts/425889,2015-08-02T16:48:43.841Z,,,22,425889
Dcard,AHQ世界冠軍票GET (電競),https://www.dcard.tw/service/api/v2/posts/407933,2015-07-26T12:51:45.273Z,,,19,407933
Dcard,有打lol的應該對他們不陌生,https://www.dcard.tw/service/api/v2/posts/383989,2015-07-17T01:28:22.893Z,,,9,383989
Dcard,HKE八卦,https://www.dcard.tw/service/api/v2/posts/375185,2015-07-13T13:51:55.533Z,,,2,375185
Dcard,閃光說我壞了（微微西斯）,https://www.dcard.tw/service/api/v2/posts/374863,2015-07-13T11:06:18.818Z,,,65,374863
Dcard,我的花椰菜呢?,https://www.dcard.tw/service/api/v2/posts/97334,2015-03-06T18:39:22.295Z,,,23,97334
Dcard,【隨筆】咒,https://www.dcard.tw/service/api/v2/posts/95188,2015-03-04T06:48:33.617Z,,,15,95188
Dcard,放下，旅行,https://www.dcard.tw/service/api/v2/posts/68838,2015-01-21T05:35:02.292Z,,,8,68838
Dcard,關於dcard 留言的人名?!,https://www.dcard.tw/service/api/v2/posts/32041,2014-09-07T15:23:00.667Z,,,12,32041
Dcard,Re:一路以來在Dcard的心路歷程,https://www.dcard.tw/service/api/v2/posts/29917,2014-08-22T10:36:07.403Z,,,20,29917
Dcard,[RIP] 來為TPA默哀吧...,https://www.dcard.tw/service/api/v2/posts/11869,2013-06-30T18:04:14Z,,,0,11869
Dcard,Toyz 出來啦😎,https://www.dcard.tw/service/api/v2/posts/237568781,2021-11-30T11:55:43.324Z,,,3,237568781
Dcard,預測今年五隊會被釋出的球員,https://www.dcard.tw/service/api/v2/posts/237499324,2021-11-21T03:38:50.557Z,,,20,237499324
Dcard,12舍群組根本就是動物園,https://www.dcard.tw/service/api/v2/posts/237313531,2021-10-26T16:23:13.34Z,,,5,237313531
Dcard,Toyz與藥腳對話曝光！　驚爆「黑吃黑」始末,https://www.dcard.tw/service/api/v2/posts/237150753,2021-10-05T00:33:38.463Z,,,1055,237150753
Dcard,Toyz涉賣二級毒品　院檢認知不同！無期徒刑恐變只關2年,https://www.dcard.tw/service/api/v2/posts/237116639,2021-09-30T14:11:23.606Z,,,29,237116639
Dcard,中路大麻野獸？真假？,https://www.dcard.tw/service/api/v2/posts/237107842,2021-09-29T14:38:54.128Z,,,4,237107842
Dcard,#討論  Toyz涉嫌販毒重罪遭聲押,https://www.dcard.tw/service/api/v2/posts/237107539,2021-09-29T14:13:16.102Z,,,11,237107539
Dcard,再見了大麻公道伯😢,https://www.dcard.tw/service/api/v2/posts/237107022,2021-09-29T13:20:00.878Z,,,2305,237107022
Dcard,LOL前世界冠軍Toyz驚傳販毒　遭聲押,https://www.dcard.tw/service/api/v2/posts/237106541,2021-09-29T12:25:59.251Z,,,233,237106541
Dcard,LOL前世界冠軍Toyz驚傳販毒！　遭中檢聲押,https://www.dcard.tw/service/api/v2/posts/237106471,2021-09-29T12:18:37.624Z,,,23,237106471
Dcard,快訊／LOL前世界冠軍Toyz驚傳販毒　遭台中地檢署聲押,https://www.dcard.tw/service/api/v2/posts/237106392,2021-09-29T12:08:11.082Z,,,29,237106392
Dcard,LOL前世界冠軍Toyz驚傳販毒,https://www.dcard.tw/service/api/v2/posts/237106161,2021-09-29T11:43:41.272Z,,,214,237106161
Dcard,2021 中華職棒 打擊 WAA 排名,https://www.dcard.tw/service/api/v2/posts/237047638,2021-09-23T03:03:36.181Z,,,28,237047638
Dcard,1990-2020 兄弟象/中信兄弟 主力守備位置,https://www.dcard.tw/service/api/v2/posts/237020787,2021-09-20T00:27:32.146Z,,,15,237020787
Dcard,2003-2020 第一/La New / Lamigo / 樂天 主力野手陣容,https://www.dcard.tw/service/api/v2/posts/237006687,2021-09-18T04:31:38.572Z,,,15,237006687
Dcard,#公告 9月提醒&懶人包,https://www.dcard.tw/service/api/v2/posts/236982519,2021-09-15T12:48:58.569Z,,,57,236982519
Dcard,2021 中華職棒下半季進階數據排名（打）,https://www.dcard.tw/service/api/v2/posts/236969196,2021-09-14T06:38:43.287Z,,,8,236969196
Dcard,2021 笑一笑的棒球聯盟,https://www.dcard.tw/service/api/v2/posts/236921609,2021-09-09T02:08:16.233Z,,,101,236921609
Dcard,2011-2020 CPBL 歷年季後賽 球員打點全紀錄,https://www.dcard.tw/service/api/v2/posts/236896750,2021-09-06T04:30:31.472Z,,,4,236896750
Dcard,2021.8.31 統一獅隊（江辰晏）vs. 樂天桃猿（狂威）文字直播 討論區,https://www.dcard.tw/service/api/v2/posts/236850628,2021-08-31T09:09:36.5Z,,,8,236850628
Dcard,#陸劇整理 2021年上半年豆瓣評分Top10,https://www.dcard.tw/service/api/v2/posts/236594104,2021-07-28T12:39:29.241Z,,,106,236594104
Dcard,"專家大解析
首支取得EUA的國產高端疫苗，防疫角色如何定位？保護力監測與國際接軌考驗在哪？",https://www.dcard.tw/service/api/v2/posts/236526164,2021-07-19T16:36:22.415Z,,,13,236526164
Dcard,龍獸上手心得,https://www.dcard.tw/service/api/v2/posts/236488844,2021-07-14T19:23:49.178Z,,,7,236488844
Dcard,中職官網五隊目前一軍名單,https://www.dcard.tw/service/api/v2/posts/236479227,2021-07-13T14:27:16.497Z,,,10,236479227
Dcard,【百年透視】教科書裡的「英雄事蹟」與「地主惡霸」,https://www.dcard.tw/service/api/v2/posts/236404577,2021-07-04T00:10:10.147Z,,,8,236404577
Dcard,臺灣籃壇今夏自由球員動向👀（陸續更新）,https://www.dcard.tw/service/api/v2/posts/236385559,2021-07-01T12:15:57.64Z,,,128,236385559
Dcard,(附上轉播平台，今天沒文字直播）20210511 味全龍 vs. 樂天桃猿 （徐若熙 @ 翁瑋均）,https://www.dcard.tw/service/api/v2/posts/235960225,2021-05-11T05:28:18.501Z,,,0,235960225
Dcard,中華職棒捕手防禦率表現 (CERA),https://www.dcard.tw/service/api/v2/posts/235764553,2021-04-14T03:03:57.781Z,,,13,235764553
Dcard,2021 中華職棒各隊打者全壘打數預估（純好玩）,https://www.dcard.tw/service/api/v2/posts/235466276,2021-03-03T01:38:20.837Z,,,15,235466276
Dcard,中華職棒2020四隊先發第九棒分析,https://www.dcard.tw/service/api/v2/posts/235210401,2021-01-21T08:51:49.06Z,,,12,235210401
Dcard,NCC應該要怎麼做?中天何去何從?,https://www.dcard.tw/service/api/v2/posts/234832885,2020-11-20T03:53:19.077Z,,,11,234832885
Dcard,2020 11月上檔陸劇&韓劇,https://www.dcard.tw/service/api/v2/posts/234720171,2020-11-01T14:54:53.314Z,,,201,234720171
Dcard,2020 10月上檔陸劇&韓劇,https://www.dcard.tw/service/api/v2/posts/234532227,2020-10-01T02:13:14.501Z,,,554,234532227
Dcard,第57屆金馬獎入圍名單,https://www.dcard.tw/service/api/v2/posts/234528900,2020-09-30T10:19:37.293Z,,,31,234528900
Dcard,#心得 #雷 #啊，荒野,https://www.dcard.tw/service/api/v2/posts/234510037,2020-09-27T08:15:11.736Z,,,17,234510037
Dcard,跟黃鴻升友好卻未發文悼念的藝人名單,https://www.dcard.tw/service/api/v2/posts/234439593,2020-09-17T04:06:34.659Z,,,51,234439593
Dcard,國家治理好文共享 怎樣的執政能力能夠帶領國家走向強大,https://www.dcard.tw/service/api/v2/posts/234115238,2020-07-25T15:35:19.21Z,,,8,234115238
Dcard,共產主義的終極目的 (9),https://www.dcard.tw/service/api/v2/posts/234111333,2020-07-24T22:13:23.001Z,,,4,234111333
Dcard,中華職棒模擬遊戲-統一（0-3） 0:2 樂天 （2-0）,https://www.dcard.tw/service/api/v2/posts/233979884,2020-07-02T00:43:37.545Z,,,2,233979884
Dcard,2020 7月上檔陸劇&韓劇,https://www.dcard.tw/service/api/v2/posts/233977571,2020-07-01T13:22:05.321Z,,,249,233977571
Dcard,中華職棒模擬遊戲- 統一 （0-2）5:8 樂天 （1-0）,https://www.dcard.tw/service/api/v2/posts/233968290,2020-06-30T02:59:14.239Z,,,1,233968290
Dcard,▍四位專家、四種方式、世代分析 2020年-下半年投資趨勢,https://www.dcard.tw/service/api/v2/posts/233739364,2020-05-24T14:12:56.647Z,,,2,233739364
Dcard,#情報 #偶像劇 《浪漫輸給你》角色曝光企劃,https://www.dcard.tw/service/api/v2/posts/233711737,2020-05-20T06:41:51.812Z,,,187,233711737
Dcard,轉 校長給同學的一封信,https://www.dcard.tw/service/api/v2/posts/233480073,2020-04-15T08:08:57.269Z,,,7,233480073
Dcard,#情報 中職四隊開季26人名單,https://www.dcard.tw/service/api/v2/posts/233447763,2020-04-10T09:31:00.973Z,,,4,233447763
Dcard,#情報 中職四隊開季26人名單,https://www.dcard.tw/service/api/v2/posts/233447758,2020-04-10T09:29:22.846Z,,,8,233447758
Dcard,先總統 蔣公逝世肆拾伍周年紀念特輯,https://www.dcard.tw/service/api/v2/posts/233412425,2020-04-05T10:55:43.019Z,,,11,233412425
Dcard,20200309-20200310 中華職棒賽況,https://www.dcard.tw/service/api/v2/posts/233238916,2020-03-11T04:43:06.674Z,,,0,233238916
Dcard,20200308 中華職棒賽況,https://www.dcard.tw/service/api/v2/posts/233225943,2020-03-09T09:08:40.943Z,,,1,233225943
Dcard,土投的球速（壓制力）發生了什麼事？,https://www.dcard.tw/service/api/v2/posts/233200303,2020-03-05T15:31:38.554Z,,,5,233200303
Dcard,20200304 中華職棒賽況,https://www.dcard.tw/service/api/v2/posts/233194156,2020-03-05T00:28:26.278Z,,,1,233194156
Dcard,20200304 富邦 vs. 樂天 討論區,https://www.dcard.tw/service/api/v2/posts/233190050,2020-03-04T10:33:41.731Z,,,1,233190050
Dcard,20200304 中職戰況,https://www.dcard.tw/service/api/v2/posts/233187622,2020-03-04T04:55:47.355Z,,,3,233187622
Dcard,20200215 自辦熱身賽 （燕巢）樂天桃猿 vs. 富邦悍將 文字直播,https://www.dcard.tw/service/api/v2/posts/233079688,2020-02-15T04:39:32.448Z,,,3,233079688
Dcard,閃電十一人GO⚡問卷結果！（中篇）,https://www.dcard.tw/service/api/v2/posts/232686089,2019-12-14T13:57:01.814Z,,,34,232686089
Dcard,台灣基督教聯盟對2020大選聲明,https://www.dcard.tw/service/api/v2/posts/232570570,2019-11-25T15:17:54.997Z,,,6,232570570
Dcard,那些年我們聽的版歌 (內文懷舊歌曲多!),https://www.dcard.tw/service/api/v2/posts/232547730,2019-11-21T19:15:12.176Z,,,8,232547730
Dcard,臭男生緬懷的青春—《古惑仔》系列,https://www.dcard.tw/service/api/v2/posts/232411492,2019-10-31T12:52:07.653Z,,,24,232411492
Dcard,快訊 中華隊棒球亞錦賽冠軍,https://www.dcard.tw/service/api/v2/posts/232338207,2019-10-20T14:06:27.638Z,,,879,232338207
Dcard,職棒30年畫下句點了，謝謝你，兄弟，有遺憾才是最美,https://www.dcard.tw/service/api/v2/posts/232325895,2019-10-18T14:23:32.447Z,,,125,232325895
Dcard,不專業簡評喵喵2019選秀,https://www.dcard.tw/service/api/v2/posts/231604955,2019-07-01T14:11:12.999Z,,,15,231604955
Dcard,陸綜推薦&求推～(文長),https://www.dcard.tw/service/api/v2/posts/230946893,2019-03-23T19:20:04.482Z,,,131,230946893
Dcard,解體黨文化】之一：系統的替代傳統文化,https://www.dcard.tw/service/api/v2/posts/230937857,2019-03-22T11:52:26.214Z,,,3,230937857
Dcard,以川航真實事件改編的電影《中國機長》殺青，現場陣容強大,https://www.dcard.tw/service/api/v2/posts/230819477,2019-03-05T08:39:21.366Z,,,8,230819477
Dcard,以“川航備降”為原型 《中國機長》陣容曝光：張涵予袁泉主演,https://www.dcard.tw/service/api/v2/posts/230092426,2018-11-19T05:22:06.026Z,,,2,230092426
Dcard,香港愛情電影推薦清單。,https://www.dcard.tw/service/api/v2/posts/230000969,2018-11-05T16:29:56.531Z,,,192,230000969
Dcard,黑籃中 被遺忘的帥哥角色②,https://www.dcard.tw/service/api/v2/posts/229956240,2018-10-30T10:16:36.633Z,,,47,229956240
Dcard,#圖多 盤點我萌的那些港圈90年代CP。,https://www.dcard.tw/service/api/v2/posts/229918177,2018-10-24T19:58:15.316Z,,,90,229918177
Dcard,#更 #第54屆金馬獎得獎名單,https://www.dcard.tw/service/api/v2/posts/227778669,2017-11-25T11:46:37.771Z,,,732,227778669
Dcard,#情報 金馬獎第 54 屆 頒獎典禮十大亮點搶先看,https://www.dcard.tw/service/api/v2/posts/227777557,2017-11-25T08:27:20.494Z,,,42,227777557
Dcard,#社論 習近平：新時代的領路人,https://www.dcard.tw/service/api/v2/posts/227730358,2017-11-18T10:00:50.558Z,,,5,227730358
Dcard,#社論 習近平是如何成為中國共產黨領袖的,https://www.dcard.tw/service/api/v2/posts/227438112,2017-10-09T17:34:19.277Z,,,8,227438112
Dcard,#社論 引領複興的勝利之光——寫在中國人民解放軍建軍90周年之際,https://www.dcard.tw/service/api/v2/posts/226882952,2017-07-27T11:23:55.405Z,,,4,226882952
Dcard,【驚恐】警大級分驟降 特考告急,https://www.dcard.tw/service/api/v2/posts/226492992,2017-05-28T20:33:56.624Z,,,20,226492992
Dcard,#圖  健身V.S不健身 完全是兩種不同人生！,https://www.dcard.tw/service/api/v2/posts/224778145,2016-09-17T08:16:57.915Z,,,14017,224778145
Dcard,#LOL 與 HKES 關係完全決裂！Toyz 找到新東家後正式回歸,https://www.dcard.tw/service/api/v2/posts/224745337,2016-09-12T11:50:31.394Z,,,96,224745337
Dcard,對決（引退）,https://www.dcard.tw/service/api/v2/posts/224696617,2016-09-05T07:02:27.41Z,,,7,224696617
Dcard,#轉錄 國民黨在花蓮的政績,https://www.dcard.tw/service/api/v2/posts/224657814,2016-08-30T13:19:07.209Z,,,18,224657814
Dcard,那些年的經典港星……,https://www.dcard.tw/service/api/v2/posts/224583447,2016-08-20T15:56:49.373Z,,,11,224583447
Dcard,新創為何需要外國人才，而政府為何不讓他們來？,https://www.dcard.tw/service/api/v2/posts/1206913,2016-03-04T11:20:31.4Z,,,22,1206913
Dcard,兩黨一樣爛 票投______ (貪汙一覽表),https://www.dcard.tw/service/api/v2/posts/1049717,2016-01-29T18:48:10.909Z,,,41,1049717
Dcard,【FB】過去我的鄉愁在中國；而今我已不再有鄉愁。 因為我住在我的家鄉，不再憂愁。,https://www.dcard.tw/service/api/v2/posts/445537,2015-08-09T18:37:18.685Z,,,30,445537
Dcard,【金馬】第五十屆金馬獎華語影片得獎名單,https://www.dcard.tw/service/api/v2/posts/13334,2013-11-23T16:13:18Z,,,0,13334
